This table is produced by alphabetarandomizer.pro
This table was produced with 50000 iterations of alpha and beta combinations

Pulsar #       Jname             Period (s)     rhonaught       % W<rho      % W>rho      % W=rho      % W=NaN
________________________________________________________________________________________________________________
       0       J0034-0721      0.94295100      0.12248459      1.48400      5.32800      0.00000      93.1880
       1       J0108-1431      0.80756500      0.13235406      1.61600      5.66200      0.00000      92.7220
       2       J0134-2937      0.13696200      0.32138527      4.45000      12.3320      0.00000      83.2180
       3       J0152-1637      0.83274200      0.13033792      1.63800      5.70600      0.00000      92.6560
       4       J0206-4028      0.63055000      0.14978428      1.85800      6.49200      0.00000      91.6500
       5       J0255-5304      0.44770800      0.17775777      2.32400      7.37400      0.00000      90.3020
       6       J0304+1932       1.3875840      0.10097093      1.20800      4.66800      0.00000      94.1240
       7       J0343-3000       2.5970270     0.073805339     0.926000      3.36000      0.00000      95.7140
       8       J0401-7608      0.54525300      0.16107457      1.98200      6.68000      0.00000      91.3380
       9       J0448-2749      0.45044800      0.17721631      2.39600      7.78800      0.00000      89.8160
      10       J0452-1759      0.54893900      0.16053287      1.90800      6.86600      0.00000      91.2260
      11       J0525+1115      0.35443800      0.19978178      2.65600      8.28000      0.00000      89.0640
      12       J0536-7543       1.2458560      0.10655948      1.28400      4.80200      0.00000      93.9140
      13       J0601-0527      0.39596900      0.18901463      2.44200      7.91200      0.00000      89.6460
      14       J0624-0424       1.0390760      0.11668159      1.48000      5.21600      0.00000      93.3040
      15       J0630-2834       1.2444190      0.10662099      1.25000      4.78200      0.00000      93.9680
      16       J0729-1836      0.51016000      0.16652246      2.14000      7.16200      0.00000      90.6980
      17       J0738-4042      0.37492000      0.19424807      2.51000      8.16600      0.00000      89.3240
      18       J0809-4753      0.54719900      0.16078790      2.12600      6.90600      0.00000      90.9680
      19       J0820-1350       1.2381300      0.10689143      1.36800      4.99600      0.00000      93.6360
      20       J0820-4114      0.54544600      0.16104607      2.11800      6.85800      0.00000      91.0240
      21       J0837-4135      0.75162400      0.13719102      1.71400      6.07800      0.00000      92.2080
      22       J0842-4851      0.64435400      0.14817118      1.89000      6.47400      0.00000      91.6360
      23       J0907-5157      0.25355600      0.23620499      3.20000      9.46200      0.00000      87.3380
      24       J0924-5814      0.73950100      0.13831097      1.74800      6.02200      0.00000      92.2300
      25       J0942-5552      0.66436700      0.14592241      1.86200      6.47200      0.00000      91.6660
      26       J1001-5507       1.4365830     0.099234035      1.22800      4.47800      0.00000      94.2940
      27       J1034-3224       1.1505900      0.11088319      1.36000      4.88600      0.00000      93.7540
      28       J1038-5831      0.66199200      0.14618393      1.76000      6.40400      0.00000      91.8360
      29       J1047-6709      0.19845100      0.26699269      3.82400      10.5520      0.00000      85.6240
      30       J1056-6258      0.42244700      0.18299528      2.24000      7.68200      0.00000      90.0780
      31       J1136-5525      0.36470600      0.19694935      2.46800      8.24400      0.00000      89.2880
      32       J1146-6030      0.27337200      0.22748303      3.08600      9.22600      0.00000      87.6880
      33       J1157-6224      0.40052200      0.18793723      2.49000      7.83600      0.00000      89.6740
      34       J1243-6423      0.38848100      0.19082757      2.48000      8.07400      0.00000      89.4460
      35       J1306-6617      0.47302600      0.17293524      2.16200      7.23400      0.00000      90.6040
      36       J1319-6056      0.28435100      0.22304815      2.86000      9.13000      0.00000      88.0100
      37       J1326-5859      0.47799100      0.17203474      2.25000      7.36400      0.00000      90.3860
      38       J1326-6408      0.79267000      0.13359180      1.62600      5.88600      0.00000      92.4880
      39       J1326-6700      0.54300900      0.16140705      2.01000      6.82600      0.00000      91.1640
      40       J1327-6222      0.52991300      0.16338934      2.24800      7.22400      0.00000      90.5280
      41       J1327-6301      0.19647900      0.26832920      3.60600      10.7620      0.00000      85.6320
      42       J1328-4357      0.53269900      0.16296152      2.10000      7.25800      0.00000      90.6420
      43       J1357-62      0.45576100      0.17618033      2.25600      7.49000      0.00000      90.2540
      44       J1401-6357      0.84279000      0.12955862      1.65400      5.64200      0.00000      92.7040
      45       J1418-3921       1.0968060      0.11356934      1.36200      4.94000      0.00000      93.6980
      46       J1424-5822      0.36673400      0.19640404      2.55800      8.28400      0.00000      89.1580
      47       J1428-5530      0.57029000      0.15749912      2.01800      7.09000      0.00000      90.8920
      48       J1430-6623      0.78544100      0.13420516      1.73600      5.86200      0.00000      92.4020
      49       J1435-5954      0.47299500      0.17294091      2.11000      7.49800      0.00000      90.3920
      50       J1456-6843      0.26337700      0.23175926      3.20400      9.79200      0.00000      87.0040
      51       J1522-5829      0.39535300      0.18916182      2.51600      8.04600      0.00000      89.4380
      52       J1534-5334       1.3688810      0.10165837      1.28000      4.60400      0.00000      94.1160
      53       J1534-5405      0.28968900      0.22098358      2.89800      9.30000      0.00000      87.8020
      54       J1544-5308      0.17855400      0.28147590      3.97400      11.3980      0.00000      84.6280
      55       J1555-3134      0.51811000      0.16523994      2.12800      7.10400      0.00000      90.7680
      56       J1557-4258      0.32918700      0.20730256      2.79800      8.70600      0.00000      88.4960
      57       J1559-4438      0.25705600      0.23459143      3.28600      9.61600      0.00000      87.0980
      58       J1602-5100      0.86422700      0.12794169      1.52800      5.68400      0.00000      92.7880
      59       J1604-4909      0.32741800      0.20786182      2.68200      8.59800      0.00000      88.7200
      60       J1605-5257      0.65801300      0.14662525      1.87200      6.51000      0.00000      91.6180
      61       J1613-4714      0.38237600      0.19234491      2.40000      8.25600      0.00000      89.3440
      62       J1622-4950       4.3261000     0.057184422     0.698000      2.80800      0.00000      96.4940
      63       J1623-4256      0.36459000      0.19698068      2.61000      8.20200      0.00000      89.1880
      64       J1626-4537      0.37014100      0.19549804      2.62200      8.19000      0.00000      89.1880
      65       J1630-4733      0.57597100      0.15672046      1.96400      6.79800      0.00000      91.2380
      66       J1632-4621       1.7091540     0.090977796      1.13200      4.16800      0.00000      94.7000
      67       J1633-4453      0.43650700      0.18002400      2.39800      7.64600      0.00000      89.9560
      68       J1633-5015      0.35214200      0.20043202      2.63000      8.54200      0.00000      88.8280
      69       J1636-4803       1.2046440      0.10836690      1.21800      4.99400      0.00000      93.7880
      70       J1644-4559      0.45506000      0.17631598      2.26200      7.35000      0.00000      90.3880
      71       J1646-6831       1.7856110     0.089008726      1.03600      4.01600      0.00000      94.9480
      72       J1648-3256      0.71945500      0.14022459      1.78400      6.12200      0.00000      92.0940
      73       J1649-3805      0.26202600      0.23235596      3.01000      9.54200      0.00000      87.4480
      74       J1651-4246      0.84408100      0.12945951      1.57000      5.93600      0.00000      92.4940
      75       J1651-5222      0.63505600      0.14925194      2.00600      6.53400      0.00000      91.4600
      76       J1652-2404       1.7037390     0.091122259      1.10600      3.98600      0.00000      94.9080
      77       J1653-3838      0.30503700      0.21535242      2.80600      9.18600      0.00000      88.0080
      78       J1653-4249      0.61255800      0.15196809      2.08000      6.78800      0.00000      91.1320
      79       J1700-3312       1.3583070      0.10205330      1.27000      4.50800      0.00000      94.2220
      80       J1701-4533      0.32290900      0.20930805      2.69800      8.71600      0.00000      88.5860
      81       J1703-3241       1.2117850      0.10804713      1.36200      4.87400      0.00000      93.7640
      82       J1703-4851       1.3964010      0.10065166      1.17600      4.52800      0.00000      94.2960
      83       J1705-1906      0.29898700      0.21752033      2.90400      8.82000      0.00000      88.2760
      84       J1705-3423      0.25542600      0.23533876      3.00800      9.80000      0.00000      87.1920
      85       J1707-4053      0.58101700      0.15603844      1.99600      6.87000      0.00000      91.1340
      86       J1707-4729      0.26647400      0.23040855      3.05000      9.37200      0.00000      87.5780
      87       J1708-3426      0.69211300      0.14296756      1.85400      6.10000      0.00000      92.0460
      88       J1709-1640      0.65305400      0.14718090      1.95600      6.36000      0.00000      91.6840
      89       J1715-4034       2.0721530     0.082625690     0.942000      3.64200      0.00000      95.4160
      90       J1717-3425      0.65629900      0.14681659      1.82800      6.28000      0.00000      91.8920
      91       J1717-4054      0.88771800      0.12623753      1.59200      5.60800      0.00000      92.8000
      92       J1717-5800      0.32179300      0.20967068      2.83400      8.71400      0.00000      88.4520
      93       J1720-2933      0.62044800      0.15099874      1.87600      6.49800      0.00000      91.6260
      94       J1722-3207      0.47715800      0.17218484      2.15600      7.40200      0.00000      90.4420
      95       J1722-3632      0.39918300      0.18825217      2.40600      8.19400      0.00000      89.4000
      96       J1727-2739       1.2931000      0.10459477      1.30200      4.62200      0.00000      94.0760
      97       J1733-2228      0.87168300      0.12739334      1.55200      5.62800      0.00000      92.8200
      98       J1738-3211      0.76849900      0.13567641      1.73600      6.17600      0.00000      92.0880
      99       J1739-3131      0.52944100      0.16346216      2.20800      6.83200      0.00000      90.9600
     100       J1741-2733      0.89295900      0.12586653      1.56400      5.47600      0.00000      92.9600
     101       J1741-3016       1.8937490     0.086430057      1.04800      3.90600      0.00000      95.0460
     102       J1741-3927      0.51221100      0.16618873      2.10200      7.16400      0.00000      90.7340
     103       J1743-3150       2.4145760     0.076543016     0.922000      3.53200      0.00000      95.5460
     104       J1749-3002      0.60987400      0.15230212      1.94200      6.47600      0.00000      91.5820
     105       J1750-3157      0.91036300      0.12465759      1.58800      5.63800      0.00000      92.7740
     106       J1751-4657      0.74235200      0.13804512      1.64000      6.24600      0.00000      92.1140
     107       J1752-2806      0.56255800      0.15857779      2.11200      6.65800      0.00000      91.2300
     108       J1807-0847      0.16372700      0.29394485      4.05000      11.6780      0.00000      84.2720
     109       J1817-3618      0.38701700      0.19118816      2.43200      8.14200      0.00000      89.4260
     110       J1820-0427      0.59807600      0.15379699      2.00000      6.62600      0.00000      91.3740
     111       J1822-2256       1.8742690     0.086878047      1.05000      3.86600      0.00000      95.0840
     112       J1822-4209      0.45651200      0.17603536      2.36600      7.46800      0.00000      90.1660
     113       J1823-3106      0.28405400      0.22316473      3.00000      9.14200      0.00000      87.8580
     114       J1825-0935      0.76900600      0.13563168      1.66000      6.08600      0.00000      92.2540
     115       J1829-1751      0.30713300      0.21461633      2.61400      8.94200      0.00000      88.4440
     116       J1845-0434      0.48675100      0.17047967      2.23000      7.51800      0.00000      90.2520
     117       J1848-0123      0.65943200      0.14646741      1.91000      6.29200      0.00000      91.7980
     118       J1852-0635      0.52415100      0.16428496      2.11800      6.96600      0.00000      90.9160
     119       J1900-2600      0.61220900      0.15201140      1.94400      6.43400      0.00000      91.6220
     120       J1913-0440      0.82593600      0.13087383      1.73200      5.95200      0.00000      92.3160
     121       J1941-2602      0.40285800      0.18739155      2.46200      7.81600      0.00000      89.7220
     122       J2048-1616       1.9615720     0.084922718      1.07800      3.69600      0.00000      95.2260
     123       J2330-2005       1.6436220     0.092773734      1.17200      4.27600      0.00000      94.5520
     124       J2346-0609       1.1814630      0.10942485      1.38200      4.85800      0.00000      93.7600
