       0        J0034-0721      0.94295100      0.12248459      4.21600      14.0800      0.00000      81.7040
       1        J0108-1431      0.80756500      0.13235406      4.57000      15.0300      0.00000      80.4000
       2        J0134-2937      0.13696200      0.32138527      8.43600      27.5020      0.00000      64.0620
       3        J0152-1637      0.83274200      0.13033792      4.18600      14.6340      0.00000      81.1800
       4        J0206-4028      0.63055000      0.14978428      5.03600      16.2420      0.00000      78.7220
       5        J0255-5304      0.44770800      0.17775777      5.84400      18.1900      0.00000      75.9660
       6        J0304+1932       1.3875840      0.10097093      3.69200      12.2340      0.00000      84.0740
       7        J0343-3000       2.5970270     0.073805339      2.94600      9.68000      0.00000      87.3740
       8        J0401-7608      0.54525300      0.16107457      5.36600      17.1420      0.00000      77.4920
       9        J0448-2749      0.45044800      0.17721631      5.74000      18.4320      0.00000      75.8280
      10        J0452-1759      0.54893900      0.16053287      5.30400      17.0280      0.00000      77.6680
      11        J0525+1115      0.35443800      0.19978178      6.14000      19.9160      0.00000      73.9440
      12        J0536-7543       1.2458560      0.10655948      3.93000      12.9340      0.00000      83.1360
      13        J0601-0527      0.39596900      0.18901463      5.84000      18.9160      0.00000      75.2440
      14        J0624-0424       1.0390760      0.11668159      4.16200      13.4900      0.00000      82.3480
      15        J0630-2834       1.2444190      0.10662099      3.88600      12.8660      0.00000      83.2480
      16        J0729-1836      0.51016000      0.16652246      5.44400      17.6480      0.00000      76.9080
      17        J0738-4042      0.37492000      0.19424807      6.22400      19.7960      0.00000      73.9800
      18        J0809-4753      0.54719900      0.16078790      5.13000      17.2260      0.00000      77.6440
      19        J0820-1350       1.2381300      0.10689143      3.74800      12.8520      0.00000      83.4000
      20        J0820-4114      0.54544600      0.16104607      5.15400      16.6480      0.00000      78.1980
      21        J0837-4135      0.75162400      0.13719102      4.68600      15.3560      0.00000      79.9580
      22        J0842-4851      0.64435400      0.14817118      5.17000      15.9980      0.00000      78.8320
      23        J0907-5157      0.25355600      0.23620499      6.87400      22.5240      0.00000      70.6020
      24        J0924-5814      0.73950100      0.13831097      4.65600      15.5980      0.00000      79.7460
      25        J0942-5552      0.66436700      0.14592241      4.87400      15.8420      0.00000      79.2840
      26        J1001-5507       1.4365830     0.099234035      3.79000      12.2320      0.00000      83.9780
      27        J1034-3224       1.1505900      0.11088319      4.07000      13.1240      0.00000      82.8060
      28        J1038-5831      0.66199200      0.14618393      5.11000      15.8740      0.00000      79.0160
      29        J1047-6709      0.19845100      0.26699269      7.39200      24.4840      0.00000      68.1240
      30        J1056-6258      0.42244700      0.18299528      5.81800      18.9440      0.00000      75.2380
      31        J1136-5525      0.36470600      0.19694935      6.03000      19.6900      0.00000      74.2800
      32        J1146-6030      0.27337200      0.22748303      6.81200      21.6940      0.00000      71.4940
      33        J1157-6224      0.40052200      0.18793723      5.93200      19.1300      0.00000      74.9380
      34        J1243-6423      0.38848100      0.19082757      5.72000      19.1680      0.00000      75.1120
      35        J1306-6617      0.47302600      0.17293524      5.55200      18.4000      0.00000      76.0480
      36        J1319-6056      0.28435100      0.22304815      6.71000      21.4540      0.00000      71.8360
      37        J1326-5859      0.47799100      0.17203474      5.42600      18.1500      0.00000      76.4240
      38        J1326-6408      0.79267000      0.13359180      4.70000      14.9100      0.00000      80.3900
      39        J1326-6700      0.54300900      0.16140705      5.33600      17.0280      0.00000      77.6360
      40        J1327-6222      0.52991300      0.16338934      5.36400      17.4020      0.00000      77.2340
      41        J1327-6301      0.19647900      0.26832920      7.61800      23.9820      0.00000      68.4000
      42        J1328-4357      0.53269900      0.16296152      5.24000      17.2100      0.00000      77.5500
      43        J1357-62      0.45576100      0.17618033      5.63200      18.4200      0.00000      75.9480
      44        J1401-6357      0.84279000      0.12955862      4.56200      14.7840      0.00000      80.6540
      45        J1418-3921       1.0968060      0.11356934      4.03000      13.4840      0.00000      82.4860
      46        J1424-5822      0.36673400      0.19640404      5.98200      19.6060      0.00000      74.4120
      47        J1428-5530      0.57029000      0.15749912      5.31400      16.8840      0.00000      77.8020
      48        J1430-6623      0.78544100      0.13420516      4.67600      15.0220      0.00000      80.3020
      49        J1435-5954      0.47299500      0.17294091      5.60400      18.1380      0.00000      76.2580
      50        J1456-6843      0.26337700      0.23175926      6.95200      22.1820      0.00000      70.8660
      51        J1522-5829      0.39535300      0.18916182      5.97200      19.3320      0.00000      74.6960
      52        J1534-5334       1.3688810      0.10165837      3.65400      12.3720      0.00000      83.9740
      53        J1534-5405      0.28968900      0.22098358      6.64000      21.4520      0.00000      71.9080
      54        J1544-5308      0.17855400      0.28147590      7.69800      24.9480      0.00000      67.3540
      55        J1555-3134      0.51811000      0.16523994      5.31600      17.4240      0.00000      77.2600
      56        J1557-4258      0.32918700      0.20730256      6.34200      20.5080      0.00000      73.1500
      57        J1559-4438      0.25705600      0.23459143      6.87800      22.2480      0.00000      70.8740
      58        J1602-5100      0.86422700      0.12794169      4.53800      14.5640      0.00000      80.8980
      59        J1604-4909      0.32741800      0.20786182      6.36200      20.6180      0.00000      73.0200
      60        J1605-5257      0.65801300      0.14662525      4.87000      16.0220      0.00000      79.1080
      61        J1613-4714      0.38237600      0.19234491      6.20600      19.3320      0.00000      74.4620
      62        J1622-4950       4.3261000     0.057184422      2.49600      7.77400      0.00000      89.7300
      63        J1623-4256      0.36459000      0.19698068      6.16000      19.9560      0.00000      73.8840
      64        J1626-4537      0.37014100      0.19549804      6.02000      19.5840      0.00000      74.3960
      65        J1630-4733      0.57597100      0.15672046      5.26200      17.0400      0.00000      77.6980
      66        J1632-4621       1.7091540     0.090977796      3.45800      11.4160      0.00000      85.1260
      67        J1633-4453      0.43650700      0.18002400      5.79000      18.5860      0.00000      75.6240
      68        J1633-5015      0.35214200      0.20043202      6.06000      20.2380      0.00000      73.7020
      69        J1636-4803       1.2046440      0.10836690      3.91200      13.0320      0.00000      83.0560
      70        J1644-4559      0.45506000      0.17631598      5.64600      18.2920      0.00000      76.0620
      71        J1646-6831       1.7856110     0.089008726      3.36200      11.1380      0.00000      85.5000
      72        J1648-3256      0.71945500      0.14022459      4.72200      15.5360      0.00000      79.7420
      73        J1649-3805      0.26202600      0.23235596      6.77600      22.1240      0.00000      71.1000
      74        J1651-4246      0.84408100      0.12945951      4.50000      14.5300      0.00000      80.9700
      75        J1651-5222      0.63505600      0.14925194      4.87400      16.0900      0.00000      79.0360
      76        J1652-2404       1.7037390     0.091122259      3.49000      11.2980      0.00000      85.2120
      77        J1653-3838      0.30503700      0.21535242      6.39400      21.0260      0.00000      72.5800
      78        J1653-4249      0.61255800      0.15196809      5.05600      16.1180      0.00000      78.8260
      79        J1700-3312       1.3583070      0.10205330      3.76600      12.3180      0.00000      83.9160
      80        J1701-4533      0.32290900      0.20930805      6.23200      20.7220      0.00000      73.0460
      81        J1703-3241       1.2117850      0.10804713      3.90200      13.0780      0.00000      83.0200
      82        J1703-4851       1.3964010      0.10065166      3.73000      12.2240      0.00000      84.0460
      83        J1705-1906      0.29898700      0.21752033      6.56200      20.9600      0.00000      72.4780
      84        J1705-3423      0.25542600      0.23533876      6.79400      22.0680      0.00000      71.1380
      85        J1707-4053      0.58101700      0.15603844      5.04400      16.5700      0.00000      78.3860
      86        J1707-4729      0.26647400      0.23040855      6.89800      21.7760      0.00000      71.3260
      87        J1708-3426      0.69211300      0.14296756      4.91200      15.7260      0.00000      79.3620
      88        J1709-1640      0.65305400      0.14718090      4.83200      16.1680      0.00000      79.0000
      89        J1715-4034       2.0721530     0.082625690      3.10600      10.5240      0.00000      86.3700
      90        J1717-3425      0.65629900      0.14681659      4.83200      16.3720      0.00000      78.7960
      91        J1717-4054      0.88771800      0.12623753      4.37800      14.2960      0.00000      81.3260
      92        J1717-5800      0.32179300      0.20967068      6.50000      20.4200      0.00000      73.0800
      93        J1720-2933      0.62044800      0.15099874      4.96200      16.4160      0.00000      78.6220
      94        J1722-3207      0.47715800      0.17218484      5.63800      17.8960      0.00000      76.4660
      95        J1722-3632      0.39918300      0.18825217      5.68200      19.3900      0.00000      74.9280
      96        J1727-2739       1.2931000      0.10459477      3.90200      12.5960      0.00000      83.5020
      97        J1733-2228      0.87168300      0.12739334      4.44200      14.3840      0.00000      81.1740
      98        J1738-3211      0.76849900      0.13567641      4.68000      15.0500      0.00000      80.2700
      99        J1739-3131      0.52944100      0.16346216      5.28800      17.3120      0.00000      77.4000
     100        J1741-2733      0.89295900      0.12586653      4.35000      14.4640      0.00000      81.1860
     101        J1741-3016       1.8937490     0.086430057      3.30800      10.8660      0.00000      85.8260
     102        J1741-3927      0.51221100      0.16618873      5.37800      17.6160      0.00000      77.0060
     103        J1743-3150       2.4145760     0.076543016      2.94600      9.91600      0.00000      87.1380
     104        J1749-3002      0.60987400      0.15230212      5.09200      16.5400      0.00000      78.3680
     105        J1750-3157      0.91036300      0.12465759      4.31800      14.3160      0.00000      81.3660
     106        J1751-4657      0.74235200      0.13804512      4.81200      15.2560      0.00000      79.9320
     107        J1752-2806      0.56255800      0.15857779      5.37400      16.9520      0.00000      77.6740
     108        J1807-0847      0.16372700      0.29394485      8.07600      25.9260      0.00000      65.9980
     109        J1817-3618      0.38701700      0.19118816      5.97800      19.2540      0.00000      74.7680
     110        J1820-0427      0.59807600      0.15379699      5.15800      16.6780      0.00000      78.1640
     111        J1822-2256       1.8742690     0.086878047      3.21800      10.9580      0.00000      85.8240
     112        J1822-4209      0.45651200      0.17603536      5.30000      17.9780      0.00000      76.7220
     113        J1823-3106      0.28405400      0.22316473      6.51800      21.6020      0.00000      71.8800
     114        J1825-0935      0.76900600      0.13563168      4.61200      15.0860      0.00000      80.3020
     115        J1829-1751      0.30713300      0.21461633      6.40600      20.7460      0.00000      72.8480
     116        J1845-0434      0.48675100      0.17047967      5.51800      17.8140      0.00000      76.6680
     117        J1848-0123      0.65943200      0.14646741      4.86200      15.9680      0.00000      79.1700
     118        J1852-0635      0.52415100      0.16428496      5.21600      17.3920      0.00000      77.3920
     119        J1900-2600      0.61220900      0.15201140      5.11600      16.6600      0.00000      78.2240
     120        J1913-0440      0.82593600      0.13087383      4.54600      14.8640      0.00000      80.5900
     121        J1941-2602      0.40285800      0.18739155      5.80200      19.1740      0.00000      75.0240
     122        J2048-1616       1.9615720     0.084922718      3.25800      10.7020      0.00000      86.0400
     123        J2330-2005       1.6436220     0.092773734      3.53200      11.5060      0.00000      84.9620
     124        J2346-0609       1.1814630      0.10942485      4.03800      12.9320      0.00000      83.0300
