J0034-0721      0.24725714      0.95101823       6.0332788       6.2730676
J0108-1431      0.26924426       5.7224705       6.0153312       6.2710408
J0134-2937      0.64986372       2.8727962       5.6349510       6.2547083
J0152-1637      0.26482579      0.63792404       6.0205491       6.2765336
J0206-4028      0.30444399       5.3780496       5.9824641       6.2795500
J0255-5304      0.36133902       4.5027068       5.9242770       6.2790529
J0304+1932      0.20525695       5.5249282       6.0782969       6.2777433
J0343-3000      0.15054874       5.8820196       6.1339912       6.2764728
J0401-7608      0.32618882       4.7610334       5.9565243       6.2819535
J0448-2749      0.35938924       1.7076159       5.9231000       6.2801056
J0452-1759      0.32429660       1.4517326       5.9565592       6.2770540
J0525+1115      0.40577923       1.0410364       5.8746645       6.2797231
J0536-7543      0.21620943      0.70349789       6.0662401       6.2789385
J0601-0527      0.38422656       4.5741748       5.9009683       6.2716119
J0624-0424      0.23724320       5.6847968       6.0465230       6.2796688
J0630-2834      0.21689630       5.3068783       6.0666411       6.2684580
J0729-1836      0.33627819       2.5553686       5.9465567       6.2806078
J0738-4042      0.39413494       5.0875654       5.8905113       6.2747819
J0809-4753      0.32689290       4.2331692       5.9570515       6.2727054
J0820-1350      0.21669239       5.0578483       6.0659668       6.2743516
J0820-4114      0.32735058       5.5107304       5.9578178       6.2781725
J0837-4135      0.27851563      0.97189535       6.0021806       6.2781224
J0842-4851      0.30127707       5.5432231       5.9838018       6.2806242
J0907-5157      0.47988450       5.3823152       5.8082287       6.2828004
J0924-5814      0.28170123       5.7054125       6.0036004       6.2782432
J0942-5552      0.29783934       5.5453510       5.9892193       6.2756546
J1001-5507      0.20053405       1.1657707       6.0812422       6.2762857
J1034-3224      0.22580247       3.6274167       6.0577158       6.2757689
J1038-5831      0.29709996       5.6818882       5.9858746       6.2816735
J1047-6709      0.54273003       3.2727698       5.7417158       6.2670375
J1056-6258      0.37120822       1.3867847       5.9105132       6.2765534
J1136-5525      0.39863934       2.0606067       5.8846208       6.2749725
J1146-6030      0.46120029       3.9222919       5.8231554       6.2716094
J1157-6224      0.38088738       2.6763529       5.9029713       6.2791500
J1243-6423      0.38609170       2.3347625       5.8954302       6.2729884
J1306-6617      0.35016955       2.3132856       5.9339150       6.2735455
J1319-6056      0.45275004       4.9846403       5.8320835       6.2711362
J1326-5859      0.35092517       5.2039525       5.9350500       6.2769943
J1326-6408      0.26994530       1.8399808       6.0099848       6.2823150
J1326-6700      0.32693929       1.0581311       5.9551578       6.2778304
J1327-6222      0.33354294       4.6248761       5.9530701       6.2810267
J1327-6301      0.54345829       3.7857240       5.7398855       6.2742797
J1328-4357      0.33175069       5.7603941       5.9540686       6.2754598
J1357-62      0.35837963       1.3413139       5.9274165       6.2701114
J1401-6357      0.26140578      0.58197964       6.0185310       6.2763571
J1418-3921      0.22950419       5.8382278       6.0530935       6.2778120
J1424-5822      0.39773078       4.8198712       5.8861722       6.2681354
J1428-5530      0.31866820      0.95803736       5.9634585       6.2725090
J1430-6623      0.27188276       4.2016858       6.0104584       6.2776455
J1435-5954      0.35230613       5.0175236       5.9340152       6.2686829
J1456-6843      0.46806146       3.1827981       5.8139684       6.2627100
J1522-5829      0.38273125       5.2582664       5.9005190       6.2778442
J1534-5334      0.20791396       4.0267911       6.0754865       6.2751198
J1534-5405      0.44676381       2.9504461       5.8356323       6.2702638
J1544-5308      0.57085498       4.1813178       5.7157566       6.2692687
J1555-3134      0.33460572       2.9439305       5.9488169       6.2756249
J1557-4258      0.42118047       4.4763513       5.8614257       6.2745194
J1559-4438      0.47200924       3.8260265       5.8048373       6.2773777
J1602-5100      0.26095897       4.4346050       6.0231572       6.2738638
J1604-4909      0.41847137      0.91164740       5.8612556       6.2733437
J1605-5257      0.29771622       1.3560978       5.9848634       6.2764787
J1613-4714      0.39101089       5.4501374       5.8967511       6.2700660
J1622-4950      0.11651439       5.9732910       6.1669287       6.2797732
J1623-4256      0.39713681      0.92940618       5.8800461       6.2645052
J1626-4537      0.39531583       1.3454012       5.8851324       6.2723160
J1630-4733      0.31916777       5.5273013       5.9663695       6.2735943
J1632-4621      0.18467253      0.29287338       6.0970869       6.2812224
J1633-4453      0.36493500       4.4968279       5.9179393       6.2743132
J1633-5015      0.40660562       1.6667328       5.8766401       6.2777510
J1636-4803      0.22063466       5.6130267       6.0642142       6.2798481
J1644-4559      0.35498052       1.1473947       5.9230679       6.2816425
J1646-6831      0.18069391       5.4047703       6.1036263       6.2828648
J1648-3256      0.28466074       3.7126289       5.9996638       6.2720122
J1649-3805      0.46883447       4.2998562       5.8142973       6.2739713
J1651-4246      0.26003314      0.49245873       6.0190693       6.2770981
J1651-5222      0.29987372      0.61825297       5.9789153       6.2740265
J1652-2404      0.18525773       5.4283265       6.0984619       6.2754321
J1653-3838      0.43704032       1.0472186       5.8475129       6.2730613
J1653-4249      0.30871021       1.8276461       5.9753838       6.2768884
J1700-3312      0.20706833      0.44622855       6.0751874       6.2765034
J1701-4533      0.42504484       2.0982102       5.8600226       6.2742537
J1703-3241      0.21928236       3.2128081       6.0631877       6.2805465
J1703-4851      0.20410550      0.58863913       6.0800686       6.2763795
J1705-1906      0.44051103       5.2522677       5.8436614       6.2706546
J1705-3423      0.47723270       4.8290213       5.8084112       6.2732193
J1707-4053      0.31707171      0.94523200       5.9649304       6.2774601
J1707-4729      0.46585684       4.6159802       5.8185323       6.2743751
J1708-3426      0.28977588      0.76773379       5.9928806       6.2764983
J1709-1640      0.29693755      0.83540703       5.9839131       6.2760923
J1715-4034      0.16835698       5.8015617       6.1146294       6.2787475
J1717-3425      0.29721681       5.0955335       5.9853406       6.2740923
J1717-4054      0.25599529       1.6232240       6.0269815       6.2799669
J1717-5800      0.42430346       4.8756069       5.8583477       6.2745120
J1720-2933      0.30649793       4.0944443       5.9782313       6.2759946
J1722-3207      0.34652064       4.9656871       5.9348972       6.2766236
J1722-3632      0.37968722       5.1816158       5.9016811       6.2714731
J1727-2739      0.21412544       5.8003302       6.0713258       6.2766627
J1733-2228      0.25798383      0.51180309       6.0237720       6.2784841
J1738-3211      0.27643053       5.5631202       6.0085099       6.2771933
J1739-3131      0.33104042      0.81933682       5.9502336       6.2801404
J1741-2733      0.25503139      0.49277439       6.0269836       6.2767159
J1741-3016      0.17724575      0.60588520       6.1078566       6.2814334
J1741-3927      0.33733577       2.4113378       5.9460319       6.2715501
J1743-3150      0.15484598       5.2636000       6.1286319       6.2800114
J1749-3002      0.30917048       4.1249860       5.9738896       6.2767350
J1750-3157      0.25404446       5.5542139       6.0321866       6.2750863
J1751-4657      0.28177429       5.2747761       6.0042687       6.2730019
J1752-2806      0.32147095       5.4315703       5.9620870       6.2730750
J1807-0847      0.59381265       3.4898440       5.6864263       6.2786001
J1817-3618      0.38504687      0.80109523       5.8944311       6.2765473
J1820-0427      0.31191790       5.1068491       5.9710877       6.2747989
J1822-2256      0.17616865      0.37679286       6.1067297       6.2806940
J1822-4209      0.35624068       1.0054961       5.9263879       6.2739013
J1823-3106      0.45089460       1.5054197       5.8300303       6.2768882
J1825-0935      0.27420434       5.5854747       6.0079121       6.2813255
J1829-1751      0.43565304       5.1649399       5.8484302       6.2820461
J1845-0434      0.34575645       5.0688141       5.9378911       6.2740974
J1848-0123      0.29730926       5.2881779       5.9870206       6.2771618
J1852-0635      0.33306533       1.5721092       5.9523679       6.2676869
J1900-2600      0.30697593      0.77924175       5.9752014       6.2741277
J1913-0440      0.26532214      0.71948714       6.0168116       6.2709045
J1941-2602      0.37741527       4.4452066       5.9036887       6.2803631
J2048-1616      0.17172742      0.30600162       6.1095346       6.2756494
J2330-2005      0.19079359       6.0382052       6.0958331       6.2796252
J2346-0609      0.22381541       5.8761371       6.0624885       6.2823893
